#col0row7[msb-lsb],col0row6[msb-lst],....,col0row0[msb-lst]#
#col1row7[msb-lsb],col1row6[msb-lst],....,col1row0[msb-lst]#
#................#
10000111011001010100001100100001
10000111011001010100001100100001
10000111011001010100001100100001
10000111011001010100001100100001
10000111011001010100001100100001
10000111011001010100001100100001
10000111011001010100001100100001
10000111011001010100001100100001
10000111011001010100001100100001

11110001111000000001000111111110
00010010111100000001000100010000
11101100000000010000001100000001
00000100000011110000000011111111
00101111001100010010000100000011
00010001000011011111111100000010
11100001110000011111111100011111
00000000111011001110111000100001
11110001111000000001000111111110
00010010111100000001000100010000
11101100000000010000001100000001
00000100000011110000000011111111
00101111001100010010000100000011
00010001000011011111111100000010
11100001110000011111111100011111
00000000111011001110111000100001
11110001111000000001000111111110
00010010111100000001000100010000
11101100000000010000001100000001
00000100000011110000000011111111
00101111001100010010000100000011
00010001000011011111111100000010
11100001110000011111111100011111
00000000111011001110111000100001
11110001111000000001000111111110
00010010111100000001000100010000
11101100000000010000001100000001
00000100000011110000000011111111
00101111001100010010000100000011
00010001000011011111111100000010
11100001110000011111111100011111
00000000111011001110111000100001
11110001111000000001000111111110
00010010111100000001000100010000
11101100000000010000001100000001
00000100000011110000000011111111
00101111001100010010000100000011
00010001000011011111111100000010
11100001110000011111111100011111
00000000111011001110111000100001
11110001111000000001000111111110
00010010111100000001000100010000
11101100000000010000001100000001
00000100000011110000000011111111
00101111001100010010000100000011
00010001000011011111111100000010
11100001110000011111111100011111
00000000111011001110111000100001
11110001111000000001000111111110
00010010111100000001000100010000
11101100000000010000001100000001
00000100000011110000000011111111
00101111001100010010000100000011
00010001000011011111111100000010
11100001110000011111111100011111
00000000111011001110111000100001
11110001111000000001000111111110
00010010111100000001000100010000
11101100000000010000001100000001
00000100000011110000000011111111
00101111001100010010000100000011
00010001000011011111111100000010
11100001110000011111111100011111
00000000111011001110111000100001
11110001111000000001000111111110
00010010111100000001000100010000
11101100000000010000001100000001
00000100000011110000000011111111
00101111001100010010000100000011
00010001000011011111111100000010
11100001110000011111111100011111
00000000111011001110111000100001
