#time0col7[msb-lsb],time0col6[msb-lst],....,time0col0[msb-lst]#
#time1col7[msb-lsb],time1col6[msb-lst],....,time1col0[msb-lst]#
#......................#
00000000000000000000000000000000000000000000000000000000000000000000000000000000000000000000000000000000000000000000000000000000
00000000000000000000000000000000000000000000000000000000000000000000000000000000000000000000000000000000000000000000000000000000
00000000000000000000000000000000000000000000000000000000000000000000000000000000000000000000000000000000000000000000000000000000
00000000000000000000000000000000000000000000000000000000000000000000000000000000000000000000000000000000000000000000000000000000
00000000000000000000000000000000000000000000000000000000000000000000000000000000000000000000000000000000000000000000000000000000
00000000000000000000000000000000000000000000000000000000000000000000000000000000000000000000000000000000000000000000000000000000
00000000000000000000000000000000000000000000000000000000000000000000000000000000000000000000000000000000000000000000000000000000
00000000000101011111111111101011111111111110101100000000000101010000000000010101000000000001010111111111111010110000000000010101
00000000000000000000000000011100111111111101011000000000000000001111111111100100000000000000111000000000000000000000000000101010
00000000010110111111111110100101111111111100000100000000010110110000000000100011000000000011111111111111101001010000000001110111
00000000100100111111111101101101111111111101110100000000100100110000000000100011000000000010001111111111011011010000000010010011
00000000000000000000000000000000000000000000000000000000000000000000000000000000000000000000000000000000000000000000000000000000
00000000000000000000000000000000000000000000000000000000000000000000000000000000000000000000000000000000000000000000000000000000
11111111111001000000000000011100111111111110010011111111111001001111111110111010000000000001110000000000000111000000000001000110
00000000001000111111111111111001111111111101110100000000001000111111111100001011000000000000011111111111110111010000000011110101
00000000000000000000000000000000000000000000000000000000000000001111111100101110000000000000000000000000000000000000000011010010
00000000100100110000000000000111111111111111100100000000001111111111111100100111111111110110110111111111110000010000000010000101
00000000000000000000000000000000000000000000000000000000000000000000000000000000000000000000000000000000000000000000000000000000
00000000000000000000000000000000000000000000000000000000000000000000000000000000000000000000000000000000000000000000000000000000
00000000001010100000000000001110111111111011101000000000000000001111111101110100000000000000111000000000000000000000000001111110
00000000101011110000000000010101111111110101000111111111111010111111111001111111111111111110101100000000000101010000000010111101
00000000101101100000000000000000111111111010110011111111101011001111111100101110111111111001111000000000010101000000000001110000
00000000101111011111111111101011111111111100000111111111110011111111111101111011111111110101111111111111111110010000000000111111
00000000000000000000000000000000000000000000000000000000000000000000000000000000000000000000000000000000000000000000000000000000
00000000000000000000000000000000000000000000000000000000000000000000000000000000000000000000000000000000000000000000000000000000
00000000011101111111111111101011111111111001011100000000000001111111111110010111000000000000011111111111111110010000000001001101
00000000111001111111111111111001111111110111101111111111110111011111111101010001111111110110110111111111111010110000000000100011
00000001001110111111111110100101111111110100001111111111101001011111111110001001111111111100000100000000001111110000000001101001
00000000101000011111111111101011111111110101111111111111101001011111111111001111111111111100000100000000000001110000000000010101
00000000000000000000000000000000000000000000000000000000000000000000000000000000000000000000000000000000000000000000000000000000
00000000000000000000000000000000000000000000000000000000000000000000000000000000000000000000000000000000000000000000000000000000
00000000000000000000000000000000000000000000000000000000000000000000000000000000000000000000000000000000000000000000000000000000
00000000000000000000000000000000000000000000000000000000000000000000000000000000000000000000000000000000000000000000000000000000
00000000000000000000000000000000000000000000000000000000000000000000000000000000000000000000000000000000000000000000000000000000
00000000000000000000000000000000000000000000000000000000000000000000000000000000000000000000000000000000000000000000000000000000
00000000000000000000000000000000000000000000000000000000000000000000000000000000000000000000000000000000000000000000000000000000
00000000000000000000000000000000000000000000000000000000000000000000000000000000000000000000000000000000000000000000000000000000
00000000000000000000000000000000000000000000000000000000000000000000000000000000000000000000000000000000000000000000000000000000
00000000000000000000000000000000000000000000000000000000000000000000000000000000000000000000000000000000000000000000000000000000
00000000000000000000000000000000000000000000000000000000000000000000000000000000000000000000000000000000000000000000000000000000
00000000000000000000000000000000000000000000000000000000000000000000000000000000000000000000000000000000000000000000000000000000
00000000000000000000000000000000000000000000000000000000000000000000000000000000000000000000000000000000000000000000000000000000
00000000000000000000000000000000000000000000000000000000000000000000000000000000000000000000000000000000000000000000000000000000
11111111111010111111111111101011000000000001010100000000000101011111111111101011000000000001010111111111111010110000000000010101
11111111111100100000000000000000111111111110010000000000000011100000000000011100000000000000111000000000000111000000000000101010
11111111110000011111111110100101000000000101101100000000001111111111111111011101000000000011111111111111110111010000000000111111
11111111110111011111111101101101000000001001001100000000001000111111111111011101000000000010001111111111110111010000000000100011
00000000000000000000000000000000000000000000000000000000000000000000000000000000000000000000000000000000000000000000000000000000
00000000000000000000000000000000000000000000000000000000000000000000000000000000000000000000000000000000000000000000000000000000
11111111111001000000000000011100111111111110010000000000000111000000000001000110000000000001110000000000010001100000000000011100
11111111111110011111111111011101000000000000011111111111110111010000000011110101000000000000011100000000110010110000000000100011
00000000000000000000000000000000000000000000000000000000000000000000000011010010000000000000000000000000110100100000000000000000
00000000001111111111111111000001111111111111100111111111011011010000000010000101111111111100000100000000110110011111111110110011
00000000000000000000000000000000000000000000000000000000000000000000000000000000000000000000000000000000000000000000000000000000
00000000000000000000000000000000000000000000000000000000000000000000000000000000000000000000000000000000000000000000000000000000
11111111110010000000000000000000111111111111001011111111111100100000000001100010000000000011100000000000011100000000000000011100
11111111010100010000000000010101111111111110101111111111010100010000000010111101000000001010111100000000111001111111111111101011
00000000000000000000000000000000111111111010110011111111010010100000000000011100000000000101010000000001001001101111111101001010
00000000001000111111111110100101111111111100000111111111000010110000000000100011111111111111100100000000110110011111111100011001
00000000000000000000000000000000000000000000000000000000000000000000000000000000000000000000000000000000000000000000000000000000
00000000000000000000000000000000000000000000000000000000000000000000000000000000000000000000000000000000000000000000000000000000
11111111101001011111111111101011000000000000011111111111110000010000000000000111000000000110100100000000001111111111111111111001
11111111110000011111111110110011111111111100111111111110111011110000000000010101000000000011111100000000101000011111111101000011
00000000000101011111111101111011111111111001011111111110101010011111111111000001000000001001001100000000111001111111111100001011
11111111110011111111111110010111111111111010010111111111000010111111111111111001000000000100110100000000010110111111111101010001
00000000000000000000000000000000000000000000000000000000000000000000000000000000000000000000000000000000000000000000000000000000
00000000000000000000000000000000000000000000000000000000000000000000000000000000000000000000000000000000000000000000000000000000
00000000000000000000000000000000000000000000000000000000000000000000000000000000000000000000000000000000000000000000000000000000
00000000000000000000000000000000000000000000000000000000000000000000000000000000000000000000000000000000000000000000000000000000
00000000000000000000000000000000000000000000000000000000000000000000000000000000000000000000000000000000000000000000000000000000
00000000000000000000000000000000000000000000000000000000000000000000000000000000000000000000000000000000000000000000000000000000
00000000000000000000000000000000000000000000000000000000000000000000000000000000000000000000000000000000000000000000000000000000
00000000000000000000000000000000000000000000000000000000000000000000000000000000000000000000000000000000000000000000000000000000
00000000000000000000000000000000000000000000000000000000000000000000000000000000000000000000000000000000000000000000000000000000
00000000000000000000000000000000000000000000000000000000000000000000000000000000000000000000000000000000000000000000000000000000
00000000000000000000000000000000000000000000000000000000000000000000000000000000000000000000000000000000000000000000000000000000
00000000000000000000000000000000000000000000000000000000000000000000000000000000000000000000000000000000000000000000000000000000
00000000000000000000000000000000000000000000000000000000000000000000000000000000000000000000000000000000000000000000000000000000
00000000000000000000000000000000000000000000000000000000000000000000000000000000000000000000000000000000000000000000000000000000
11111111111010110000000000010101111111111110101100000000000101010000000000010101111111111110101111111111111010111111111111101011
11111111110101101111111111100100111111111101011011111111111001000000000000000000000000000000000000000000000000000000000000011100
11111111110000010000000000100011111111111100000100000000001000110000000001011011111111111010010111111111110111011111111111011101
11111111110111010000000000100011111111111101110100000000001000110000000010010011111111110110110111111111110111011111111111011101
00000000000000000000000000000000000000000000000000000000000000000000000000000000000000000000000000000000000000000000000000000000
00000000000000000000000000000000000000000000000000000000000000000000000000000000000000000000000000000000000000000000000000000000
11111111111001001111111110111010111111111110010011111111101110101111111111100100000000000001110000000000010001100000000001000110
00000000000001111111111100001011111111111101110111111111000010111111111111111001111111111101110100000000101011110000000011001011
00000000000000001111111100101110000000000000000011111111001011100000000000000000000000000000000000000000110100100000000011010010
11111111111110011111111101111011111111111111100111111111001001110000000010010011111111110110110100000000001111110000000010000101
00000000000000000000000000000000000000000000000000000000000000000000000000000000000000000000000000000000000000000000000000000000
00000000000000000000000000000000000000000000000000000000000000000000000000000000000000000000000000000000000000000000000000000000
11111111110101101111111110011110111111111011101011111111011101000000000000001110111111111101011000000000001110000000000001000110
11111111111010111111111101000011111111110101000111111110011111110000000000010101111111110101000100000000001000110000000000100011
00000000000000001111111110010000000000000000000011111111001011100000000001100010111111111001111000000000011100000000000000011100
00000000010011011111111111000001000000000100110111111111010000110000000001101001111111110101111100000000001100011111111111101011
00000000000000000000000000000000000000000000000000000000000000000000000000000000000000000000000000000000000000000000000000000000
00000000000000000000000000000000000000000000000000000000000000000000000000000000000000000000000000000000000000000000000000000000
11111111110111011111111111101011111111111010010111111111100101110000000000110001111111111001011111111111110111011111111111001111
00000000001100011111111111101011111111111110101111111111000110010000000001101001111111110001100111111111110000011111111110010111
00000000011101111111111110010111000000000010001111111111011011010000000000100011111111110110110100000000000001111111111101010001
00000000011010011111111111101011000000000010001111111111011110111111111111101011111111110111101111111111110011111111111101011111
00000000000000000000000000000000000000000000000000000000000000000000000000000000000000000000000000000000000000000000000000000000
00000000000000000000000000000000000000000000000000000000000000000000000000000000000000000000000000000000000000000000000000000000
00000000000000000000000000000000000000000000000000000000000000000000000000000000000000000000000000000000000000000000000000000000
00000000000000000000000000000000000000000000000000000000000000000000000000000000000000000000000000000000000000000000000000000000
00000000000000000000000000000000000000000000000000000000000000000000000000000000000000000000000000000000000000000000000000000000
00000000000000000000000000000000000000000000000000000000000000000000000000000000000000000000000000000000000000000000000000000000
00000000000000000000000000000000000000000000000000000000000000000000000000000000000000000000000000000000000000000000000000000000
00000000000000000000000000000000000000000000000000000000000000000000000000000000000000000000000000000000000000000000000000000000
00000000000000000000000000000000000000000000000000000000000000000000000000000000000000000000000000000000000000000000000000000000
00000000000000000000000000000000000000000000000000000000000000000000000000000000000000000000000000000000000000000000000000000000
00000000000000000000000000000000000000000000000000000000000000000000000000000000000000000000000000000000000000000000000000000000
00000000000000000000000000000000000000000000000000000000000000000000000000000000000000000000000000000000000000000000000000000000
00000000000000000000000000000000000000000000000000000000000000000000000000000000000000000000000000000000000000000000000000000000
00000000000000000000000000000000000000000000000000000000000000000000000000000000000000000000000000000000000000000000000000000000
00000000000101011111111111101011111111111110101100000000000101010000000000010101000000000001010100000000000101010000000000010101
11111111111001000000000000011100111111111111001000000000000000000000000000001110000000000000111000000000001010100000000000101010
00000000010110111111111111011101111111111100000100000000001000110000000001110111000000000111011100000000001111110000000001110111
00000000100100111111111111011101111111111101110100000000001000110000000010010011000000001001001100000000001000110000000010010011
00000000000000000000000000000000000000000000000000000000000000000000000000000000000000000000000000000000000000000000000000000000
00000000000000000000000000000000000000000000000000000000000000000000000000000000000000000000000000000000000000000000000000000000
11111111111001000000000001000110111111111110010011111111101110100000000001000110000000000100011000000000000111000000000001000110
11111111110111010000000011110101000000000010001111111111001001110000000010101111000000001101100111111111111110010000000011001011
00000000000000000000000011010010000000000000000011111111001011100000000011010010000000001101001000000000000000000000000011010010
00000000010011010000000011011001000000000011111111111111011011010000000000111111000000000011111100000000000001110000000010000101
00000000000000000000000000000000000000000000000000000000000000000000000000000000000000000000000000000000000000000000000000000000
00000000000000000000000000000000000000000000000000000000000000000000000000000000000000000000000000000000000000000000000000000000
00000000000000000000000010001100111111111110010011111111100000100000000001010100000000000111000000000000001010100000000001100010
00000000000101010000000110000001111111111110101111111110011111110000000000100011000000001011110100000000000101010000000000100011
00000000101101100000000011010010000000000000000011111111001011100000000000011100000000000001110000000000010101000000000001110000
00000000101011110000000010000101000000000101101111111111010100010000000000010101111111111101110100000000000001110000000001110111
00000000000000000000000000000000000000000000000000000000000000000000000000000000000000000000000000000000000000000000000000000000
00000000000000000000000000000000000000000000000000000000000000000000000000000000000000000000000000000000000000000000000000000000
00000000001111110000000001101001111111111101110111111111100101110000000000000111000000000011111100000000001100010000000000010101
00000000100100110000000010101111000000000011111111111111001001111111111111001111111111111101110100000000000001110000000000010101
00000000110110010000000001110111000000001000010111111111011110111111111101011111111111111001011100000000010011010000000000110001
00000000010110110000000000110001000000000110100111111111011110111111111110110011111111111010010100000000000001110000000000100011
00000000000000000000000000000000000000000000000000000000000000000000000000000000000000000000000000000000000000000000000000000000
00000000000000000000000000000000000000000000000000000000000000000000000000000000000000000000000000000000000000000000000000000000
00000000000000000000000000000000000000000000000000000000000000000000000000000000000000000000000000000000000000000000000000000000
00000000000000000000000000000000000000000000000000000000000000000000000000000000000000000000000000000000000000000000000000000000
00000000000000000000000000000000000000000000000000000000000000000000000000000000000000000000000000000000000000000000000000000000
00000000000000000000000000000000000000000000000000000000000000000000000000000000000000000000000000000000000000000000000000000000
00000000000000000000000000000000000000000000000000000000000000000000000000000000000000000000000000000000000000000000000000000000
00000000000000000000000000000000000000000000000000000000000000000000000000000000000000000000000000000000000000000000000000000000
00000000000000000000000000000000000000000000000000000000000000000000000000000000000000000000000000000000000000000000000000000000
00000000000000000000000000000000000000000000000000000000000000000000000000000000000000000000000000000000000000000000000000000000
00000000000000000000000000000000000000000000000000000000000000000000000000000000000000000000000000000000000000000000000000000000
00000000000000000000000000000000000000000000000000000000000000000000000000000000000000000000000000000000000000000000000000000000
00000000000000000000000000000000000000000000000000000000000000000000000000000000000000000000000000000000000000000000000000000000
00000000000000000000000000000000000000000000000000000000000000000000000000000000000000000000000000000000000000000000000000000000
00000000000101010000000000010101111111111110101100000000000101010000000000010101000000000001010111111111111010110000000000010101
00000000000011100000000000101010000000000001110011111111111001000000000000000000000000000000000000000000000111000000000000101010
00000000011101110000000001110111111111111101110100000000001000110000000001011011000000000101101111111111110111010000000000111111
00000000100100110000000010010011111111111101110100000000001000110000000010010011000000001001001111111111110111010000000000100011
00000000000000000000000000000000000000000000000000000000000000000000000000000000000000000000000000000000000000000000000000000000
00000000000000000000000000000000000000000000000000000000000000000000000000000000000000000000000000000000000000000000000000000000
00000000010001100000000001000110000000000100011011111111101110101111111111100100111111111110010000000000010001100000000000011100
00000000101011110000000011001011000000001111010111111111001101011111111111111001000000000010001100000000111101011111111111111001
00000000110100100000000011010010000000001101001011111111001011100000000000000000000000000000000000000000110100100000000000000000
00000000100100110000000011011001000000001000010111111111011110110000000000111111000000000011111100000000110110011111111110110011
00000000000000000000000000000000000000000000000000000000000000000000000000000000000000000000000000000000000000000000000000000000
00000000000000000000000000000000000000000000000000000000000000000000000000000000000000000000000000000000000000000000000000000000
00000000011111100000000010001100000000000110001011111111101110101111111111100100000000000000000000000000100011000000000000000000
00000000111001110000000011100111000000001011110111111111110111011111111101010001111111111110101100000001100000011111111101010001
00000001001001100000000100100110000000000001110011111111111001001111111110101100111111111010110000000001001001101111111110011110
00000000110010110000000100010001000000000010001100000000000101010000000000000111000000000000011100000000110110011111111101101101
00000000000000000000000000000000000000000000000000000000000000000000000000000000000000000000000000000000000000000000000000000000
00000000000000000000000000000000000000000000000000000000000000000000000000000000000000000000000000000000000000000000000000000000
00000000011101110000000001110111000000000000011100000000001100011111111111001111000000000000011100000000011101111111111111001111
00000000101000010000000011100111000000000001010100000000011010011111111111001111000000000001010100000000111001111111111100110101
00000000110110010000000100000011111111111100000100000000101011111111111101101101111111111100000100000001001110111111111101111011
00000000010110110000000010101111111111111111100100000000101000011111111110110011111111111111100100000000101000011111111101111011
00000000000000000000000000000000000000000000000000000000000000000000000000000000000000000000000000000000000000000000000000000000
00000000000000000000000000000000000000000000000000000000000000000000000000000000000000000000000000000000000000000000000000000000
00000000000000000000000000000000000000000000000000000000000000000000000000000000000000000000000000000000000000000000000000000000
00000000000000000000000000000000000000000000000000000000000000000000000000000000000000000000000000000000000000000000000000000000
00000000000000000000000000000000000000000000000000000000000000000000000000000000000000000000000000000000000000000000000000000000
00000000000000000000000000000000000000000000000000000000000000000000000000000000000000000000000000000000000000000000000000000000
00000000000000000000000000000000000000000000000000000000000000000000000000000000000000000000000000000000000000000000000000000000
00000000000000000000000000000000000000000000000000000000000000000000000000000000000000000000000000000000000000000000000000000000
00000000000000000000000000000000000000000000000000000000000000000000000000000000000000000000000000000000000000000000000000000000
00000000000000000000000000000000000000000000000000000000000000000000000000000000000000000000000000000000000000000000000000000000
00000000000000000000000000000000000000000000000000000000000000000000000000000000000000000000000000000000000000000000000000000000
00000000000000000000000000000000000000000000000000000000000000000000000000000000000000000000000000000000000000000000000000000000
00000000000000000000000000000000000000000000000000000000000000000000000000000000000000000000000000000000000000000000000000000000
00000000000000000000000000000000000000000000000000000000000000000000000000000000000000000000000000000000000000000000000000000000
11111111111010110000000000010101111111111110101100000000000101010000000000010101000000000001010111111111111010111111111111101011
00000000000111000000000000000000000000000000000000000000000000000000000000000000000000000000111011111111110101101111111111110010
11111111110111010000000000100011111111111101110100000000010110110000000000100011000000000011111111111111110000011111111111000001
11111111110111010000000000100011111111111101110100000000100100110000000000100011000000000010001111111111110111011111111111011101
00000000000000000000000000000000000000000000000000000000000000000000000000000000000000000000000000000000000000000000000000000000
00000000000000000000000000000000000000000000000000000000000000000000000000000000000000000000000000000000000000000000000000000000
00000000010001101111111110111010000000000100011011111111111001001111111110111010000000000001110011111111111001001111111111100100
00000000110010111111111100100111000000001101100100000000001000111111111101010001000000000000011111111111110111010000000000100011
00000000110100101111111100101110000000001101001000000000000000001111111100101110000000000000000000000000000000000000000000000000
00000000110110011111111111000001000000001001001100000000100100111111111111000001111111111100000100000000010011010000000000111111
00000000000000000000000000000000000000000000000000000000000000000000000000000000000000000000000000000000000000000000000000000000
00000000000000000000000000000000000000000000000000000000000000000000000000000000000000000000000000000000000000000000000000000000
00000000011100001111111110101100000000000111111000000000001010101111111111001000000000000011100011111111111001001111111111100100
00000000111001111111111101000011000000011000000100000000101011111111111111011101000000001010111100000000000101011111111111101011
00000001001001101111111111100100000000010010011000000000101101101111111111100100000000000000000000000000011000101111111110101100
00000001000100010000000000100011000000010000001100000000101111011111111111101011111111111101110100000000010110110000000000000111
00000000000000000000000000000000000000000000000000000000000000000000000000000000000000000000000000000000000000000000000000000000
00000000000000000000000000000000000000000000000000000000000000000000000000000000000000000000000000000000000000000000000000000000
00000000001111111111111111111001000000000111011100000000011101110000000000110001000000000101101111111111111110011111111111001111
00000000110110010000000000110001000000010001000100000000111001110000000000111111000000000011111100000000010011010000000000000111
00000001000000110000000001101001000000010100100100000001001110110000000010100001111111111110101100000000000101011111111111000001
00000000101011110000000001011011000000001111010100000000101000010000000001001101000000000011000111111111111010111111111111111001
00000000000000000000000000000000000000000000000000000000000000000000000000000000000000000000000000000000000000000000000000000000
00000000000000000000000000000000000000000000000000000000000000000000000000000000000000000000000000000000000000000000000000000000
00000000000000000000000000000000000000000000000000000000000000000000000000000000000000000000000000000000000000000000000000000000
00000000000000000000000000000000000000000000000000000000000000000000000000000000000000000000000000000000000000000000000000000000
00000000000000000000000000000000000000000000000000000000000000000000000000000000000000000000000000000000000000000000000000000000
00000000000000000000000000000000000000000000000000000000000000000000000000000000000000000000000000000000000000000000000000000000
00000000000000000000000000000000000000000000000000000000000000000000000000000000000000000000000000000000000000000000000000000000
00000000000000000000000000000000000000000000000000000000000000000000000000000000000000000000000000000000000000000000000000000000
00000000000000000000000000000000000000000000000000000000000000000000000000000000000000000000000000000000000000000000000000000000
00000000000000000000000000000000000000000000000000000000000000000000000000000000000000000000000000000000000000000000000000000000
00000000000000000000000000000000000000000000000000000000000000000000000000000000000000000000000000000000000000000000000000000000
00000000000000000000000000000000000000000000000000000000000000000000000000000000000000000000000000000000000000000000000000000000
00000000000000000000000000000000000000000000000000000000000000000000000000000000000000000000000000000000000000000000000000000000
00000000000000000000000000000000000000000000000000000000000000000000000000000000000000000000000000000000000000000000000000000000
00000000000101011111111111101011111111111110101111111111111010110000000000010101111111111110101111111111111010111111111111101011
11111111111001000000000000000000111111111111001000000000000000001111111111100100000000000000000000000000000111000000000000000000
00000000010110111111111110100101111111111100000111111111101001010000000001011011111111111101110111111111101001011111111111011101
00000000100100111111111101101101111111111101110111111111011011010000000010010011111111111101110111111111011011011111111111011101
00000000000000000000000000000000000000000000000000000000000000000000000000000000000000000000000000000000000000000000000000000000
00000000000000000000000000000000000000000000000000000000000000000000000000000000000000000000000000000000000000000000000000000000
11111111111001000000000000011100111111111110010000000000000111001111111111100100000000000100011000000000000111000000000001000110
00000000000001111111111111011101000000000010001111111111110111010000000000000111000000001010111111111111111110010000000010101111
00000000000000000000000000000000000000000000000000000000000000000000000000000000000000001101001000000000000000000000000011010010
11111111111110011111111101101101000000001001001111111111011011010000000001001101000000001001001111111111101100110000000010010011
00000000000000000000000000000000000000000000000000000000000000000000000000000000000000000000000000000000000000000000000000000000
00000000000000000000000000000000000000000000000000000000000000000000000000000000000000000000000000000000000000000000000000000000
11111111111100101111111111010110000000000000111011111111110101100000000000011100000000000110001011111111111001000000000001100010
11111111111010111111111101010001000000001010111111111111010100010000000010101111000000001110011111111111010100010000000011100111
11111111101011001111111110011110000000000110001011111111010010100000000001100010000000001101001011111111100111100000000011010010
11111111110000011111111101011111000000001010000111111111010000110000000010010011000000000111011111111111101001010000000010101111
00000000000000000000000000000000000000000000000000000000000000000000000000000000000000000000000000000000000000000000000000000000
00000000000000000000000000000000000000000000000000000000000000000000000000000000000000000000000000000000000000000000000000000000
00000000000001111111111110010111000000000011000111111111100010010000000001101001000000000011000111111111100101110000000000110001
11111111110011111111111100011001000000001101100111111111000110010000000011011001000000000101101111111111010111110000000010010011
11111111100101111111111101101101000000001001001111111110110001010000000010000101000000000001010111111111100101110000000000110001
11111111101001011111111101111011000000001000010111111111010111110000000010000101111111111110101111111111110011110000000000111111
00000000000000000000000000000000000000000000000000000000000000000000000000000000000000000000000000000000000000000000000000000000
00000000000000000000000000000000000000000000000000000000000000000000000000000000000000000000000000000000000000000000000000000000
00000000000000000000000000000000000000000000000000000000000000000000000000000000000000000000000000000000000000000000000000000000
00000000000000000000000000000000000000000000000000000000000000000000000000000000000000000000000000000000000000000000000000000000
00000000000000000000000000000000000000000000000000000000000000000000000000000000000000000000000000000000000000000000000000000000
00000000000000000000000000000000000000000000000000000000000000000000000000000000000000000000000000000000000000000000000000000000
00000000000000000000000000000000000000000000000000000000000000000000000000000000000000000000000000000000000000000000000000000000
00000000000000000000000000000000000000000000000000000000000000000000000000000000000000000000000000000000000000000000000000000000
00000000000000000000000000000000000000000000000000000000000000000000000000000000000000000000000000000000000000000000000000000000
00000000000000000000000000000000000000000000000000000000000000000000000000000000000000000000000000000000000000000000000000000000
00000000000000000000000000000000000000000000000000000000000000000000000000000000000000000000000000000000000000000000000000000000
00000000000000000000000000000000000000000000000000000000000000000000000000000000000000000000000000000000000000000000000000000000
00000000000000000000000000000000000000000000000000000000000000000000000000000000000000000000000000000000000000000000000000000000
00000000000000000000000000000000000000000000000000000000000000000000000000000000000000000000000000000000000000000000000000000000
00000000000101010000000000010101000000000001010111111111111010110000000000010101111111111110101100000000000101011111111111101011
00000000000011100000000000101010000000000000000000000000000000001111111111100100000000000000000000000000000011100000000000000000
00000000011101110000000001110111000000000010001111111111110111010000000001011011111111111101110100000000001111111111111111011101
00000000100100110000000010010011000000000010001111111111110111010000000010010011111111111101110100000000001000111111111111011101
00000000000000000000000000000000000000000000000000000000000000000000000000000000000000000000000000000000000000000000000000000000
00000000000000000000000000000000000000000000000000000000000000000000000000000000000000000000000000000000000000000000000000000000
00000000010001100000000001000110111111111011101000000000010001101111111111100100000000000100011000000000000111000000000001000110
00000000110110010000000011001011111111110101000100000000101011111111111111011101000000001101100100000000000001110000000010101111
00000000110100100000000011010010111111110010111000000000110100100000000000000000000000001101001000000000000000000000000011010010
00000000100100110000000011011001111111111100000100000000001111111111111111111001000000001001001111111111011011010000000000111111
00000000000000000000000000000000000000000000000000000000000000000000000000000000000000000000000000000000000000000000000000000000
00000000000000000000000000000000000000000000000000000000000000000000000000000000000000000000000000000000000000000000000000000000
00000000100110100000000010001100111111111100100000000000001110001111111111010110000000000111111000000000000011100000000000111000
00000001100000010000000011100111111111111101110100000000001000111111111101010001000000011000000111111111111010110000000000100011
00000000110100100000000100100110111111111110010000000000011100000000000000000000000000001101001011111111100111100000000000011100
00000000101011110000000100010001000000000010001100000000011010010000000001001101000000000111011111111111100101111111111111011101
00000000000000000000000000000000000000000000000000000000000000000000000000000000000000000000000000000000000000000000000000000000
00000000000000000000000000000000000000000000000000000000000000000000000000000000000000000000000000000000000000000000000000000000
00000000101000010000000001110111000000000011000111111111110111011111111111011101000000000110100100000000000001111111111111001111
00000000111001110000000011100111000000000111011111111111111110011111111111111001000000001010000111111111101001011111111110001001
00000000100001010000000100000011000000001011110100000000001000110000000000100011000000000110100111111111110111011111111101000011
00000000100001010000000010101111000000001010000100000000001000110000000000100011000000000011000100000000000101011111111101011111
00000000000000000000000000000000000000000000000000000000000000000000000000000000000000000000000000000000000000000000000000000000
00000000000000000000000000000000000000000000000000000000000000000000000000000000000000000000000000000000000000000000000000000000
00000000000000000000000000000000000000000000000000000000000000000000000000000000000000000000000000000000000000000000000000000000
00000000000000000000000000000000000000000000000000000000000000000000000000000000000000000000000000000000000000000000000000000000
00000000000000000000000000000000000000000000000000000000000000000000000000000000000000000000000000000000000000000000000000000000
00000000000000000000000000000000000000000000000000000000000000000000000000000000000000000000000000000000000000000000000000000000
00000000000000000000000000000000000000000000000000000000000000000000000000000000000000000000000000000000000000000000000000000000
00000000000000000000000000000000000000000000000000000000000000000000000000000000000000000000000000000000000000000000000000000000
00000000000000000000000000000000000000000000000000000000000000000000000000000000000000000000000000000000000000000000000000000000
00000000000000000000000000000000000000000000000000000000000000000000000000000000000000000000000000000000000000000000000000000000
00000000000000000000000000000000000000000000000000000000000000000000000000000000000000000000000000000000000000000000000000000000
00000000000000000000000000000000000000000000000000000000000000000000000000000000000000000000000000000000000000000000000000000000
00000000000000000000000000000000000000000000000000000000000000000000000000000000000000000000000000000000000000000000000000000000
00000000000000000000000000000000000000000000000000000000000000000000000000000000000000000000000000000000000000000000000000000000
00000000000101011111111111101011000000000001010111111111111010111111111111101011111111111110101111111111111010111111111111101011
00000000001010100000000000000000000000000000111011111111110101101111111111110010000000000000000011111111110101101111111111010110
00000000011101111111111111011101000000000111011111111111110000011111111110001001111111111010010111111111100010011111111111000001
00000000100100111111111111011101000000001001001111111111110111011111111101101101111111110110110111111111011011011111111111011101
00000000000000000000000000000000000000000000000000000000000000000000000000000000000000000000000000000000000000000000000000000000
00000000000000000000000000000000000000000000000000000000000000000000000000000000000000000000000000000000000000000000000000000000
00000000010001100000000001000110000000000100011011111111111001001111111110111010000000000001110011111111101110101111111111100100
00000000111101010000000010101111000000001101100100000000000001111111111100100111000000000000011111111111000010110000000000000111
00000000110100100000000011010010000000001101001000000000000000001111111100101110000000000000000011111111001011100000000000000000
00000000110110010000000010010011000000000011111100000000010011011111111111000001111111111100000111111111001001110000000001001101
00000000000000000000000000000000000000000000000000000000000000000000000000000000000000000000000000000000000000000000000000000000
00000000000000000000000000000000000000000000000000000000000000000000000000000000000000000000000000000000000000000000000000000000
00000000101010000000000001100010000000000111000000000000000000001111111110010000000000000001110011111111010110000000000000000000
00000001100000010000000011100111000000001011110100000000101011111111111101000011000000001010111111111110011111110000000010101111
00000000110100100000000011010010000000000111000000000000101101101111111111100100000000000101010011111111001011100000000001100010
00000000100001010000000010101111000000000110100100000000101011110000000000100011000000000011000111111111011110110000000001011011
00000000000000000000000000000000000000000000000000000000000000000000000000000000000000000000000000000000000000000000000000000000
00000000000000000000000000000000000000000000000000000000000000000000000000000000000000000000000000000000000000000000000000000000
00000000101000010000000000110001000000000100110100000000001111111111111111000001000000000011000111111111010111110000000000110001
00000000101111010000000010010011000000000100110100000000110010110000000000100011000000000110100111111111010000110000000010010011
00000000011101110000000000110001000000000111011100000001001011010000000001101001000000001010111111111111100010010000000001101001
00000000001100010000000000111111000000000110100100000000101000010000000001011011000000001010000111111111110011110000000000110001
00000000000000000000000000000000000000000000000000000000000000000000000000000000000000000000000000000000000000000000000000000000
00000000000000000000000000000000000000000000000000000000000000000000000000000000000000000000000000000000000000000000000000000000
00000000000000000000000000000000000000000000000000000000000000000000000000000000000000000000000000000000000000000000000000000000
00000000000000000000000000000000000000000000000000000000000000000000000000000000000000000000000000000000000000000000000000000000
00000000000000000000000000000000000000000000000000000000000000000000000000000000000000000000000000000000000000000000000000000000
00000000000000000000000000000000000000000000000000000000000000000000000000000000000000000000000000000000000000000000000000000000
00000000000000000000000000000000000000000000000000000000000000000000000000000000000000000000000000000000000000000000000000000000
