00000000000000000000000000000000,
00010001000100010001000100010001,
00010001000100010001000100010001,
00030003000300030003000300030003,
00030003000300030003000300030003,
00000000000000000000000000000000,
00000000000000000000000000000000,
00050005000500050005000500050005,
00050005000500050005000500050005,
FFFAFFFAFFFAFFFAFFFAFFFAFFFAFFFA,
FFF9FFF9FFF9FFF9FFF9FFF9FFF9FFF9,
00030003000300030003000300030003,
00050005000500050005000500050005,
00060006000600060006000600060006,
00000000000000000000000000000000,
00000000000000000000000000000000,