#time0row7[msb-lsb],time0row6[msb-lst],....,time0row0[msb-lst]#
#time1row7[msb-lsb],time1row6[msb-lst],....,time1row0[msb-lst]#
#................#
00000110000000000000000000000001
00000110000000010000000100010001
00000000000000010000001000000010
00000000000000000000000000000000
00000000000000000000000000000000
00011001000000000000000000000000
00001001000000000000000000000000
00000101000000000000000000000000
00000001000000000000000000000000
00000011000000000000000000000001
00000011000100000000000100000001
00000011000000000000000100000001
00000101000000000000000100000001
00000011000100000000000100000001
00000011000100000000000100000001
00010000000100000000000100000000
00011000000000100000000000000000
00010110000000010000000000000000
00011000000000000000000000000000
00001001000000000000000000010000
00000100000000010000000000010000
00000011000000010000000000010001
00000000000000000000000000010010
00000000000000000000000100000011
00010000000000100000000100000100
00010100000000100000000100000100
00010110000000100000001000000010
00011000000000100000001000000010
00010100000000010000000100000010
00010110000000100000001000000011
00001101000000010000000100000001
00001000000000000000000000010000
00000010000000000000000000010000
00000000000000000000000000000000
00000101000000000000000000000001
00000111000000000000000100000001
00000000000000010000001000000010
00000000000000000000000000000000
00000000000000000000000000000000
00011001000000000000000000000001
00001111000000010000000000000000
00000101000000000000000000100000
00000000000000000000000000000000
00000001000000000000000000000001
00000101000000000000000000000001
00000011000100000000000100000001
00000100000100000000000100000001
00000101000100000000000100000010
00000101000000000000000000000001
00000110000000000000000000000000
00000101000000000000000000000000
00010000000000000000000000000010
00010101000000100000000000000011
00001000000000010000000000000011
00000011000000000000000100010011
00000101000000010000000100000011
00000011000000000000000100000010
00000000000000000000000100000010
00010000000000000000000000000100
00010110000000100000000100000100
00011011000000100000001000000001
00010101000000100000001000000001
00010100000000010000000100000010
00011000000000100000001000000001
